386731.85100 6115320.58700 121.76220
386731.85000 6115321.33500 121.63400
386731.88900 6115322.23200 121.71801
386732.08700 6115323.45400 121.79890
386732.30900 6115324.71300 121.77541
386732.54300 6115326.27200 121.98421
386732.74200 6115328.09700 122.26608
386732.87600 6115329.51800 122.30297
386733.06900 6115331.25300 122.27881
386733.21700 6115332.95800 122.33580
386733.32600 6115333.88400 122.32659
386733.49900 6115334.99000 122.33396
386733.65300 6115335.96900 122.42454
386733.76300 6115337.36900 122.34671
386733.81600 6115338.53500 122.38377
386733.82400 6115339.21900 122.32161
386733.83200 6115339.84200 122.32786
386733.84100 6115340.65200 122.37339
386733.86600 6115340.97000 122.35656
386733.88700 6115341.30100 122.37054
386733.98800 6115342.13600 122.40946
386734.08900 6115342.82400 122.38894
386734.18800 6115343.38700 122.39771
386734.20300 6115343.59300 122.37966
386734.19000 6115343.85400 122.37632
386734.14900 6115344.06500 122.40945
386734.06700 6115344.27000 122.44000
386733.78490 6115344.57397 122.43506
386733.65098 6115344.67920 122.46405
386733.52663 6115344.78442 122.46053
386733.31500 6115344.90500 122.47793
386733.08660 6115344.95661 122.48973
386732.92398 6115344.94704 122.49262
386732.70397 6115344.86095 122.49185
386732.49961 6115344.76682 122.46589
386732.28803 6115344.60696 122.48430
386732.10466 6115344.45650 122.48599
386732.00829 6115344.31981 122.48577
386731.92493 6115344.17332 122.50167
386731.84136 6115344.01453 122.47695
386731.75202 6115343.77944 122.47928
386731.70913 6115343.56000 122.47836
386731.69000 6115343.21563 122.48144
386731.70971 6115343.06477 122.48718
386731.73322 6115342.90962 122.49296
386731.83100 6115342.69100 122.35838
386731.96000 6115342.51900 122.53573
386732.20900 6115342.12400 122.53873
386732.28800 6115341.84700 122.56476
386732.39900 6115341.61600 122.51387
386732.53600 6115341.13300 122.49443
386732.62300 6115340.65800 122.53905
386732.64500 6115340.37600 122.47994
386732.66600 6115340.08700 122.44444
386732.68700 6115339.80200 122.46640
386732.67800 6115339.50500 122.46702
386732.66200 6115339.33800 122.47197
386732.62200 6115338.98300 122.50702
386732.56100 6115338.71000 122.49732
386732.42700 6115338.29100 122.48546
386732.21800 6115337.95900 122.46856
386731.99000 6115337.65100 122.48996
386731.75700 6115337.42200 122.48588
386731.54700 6115337.17000 122.50630
386731.21000 6115336.94000 122.51140
386730.88800 6115336.78000 122.57554
386730.51800 6115336.66100 122.54675
386730.00900 6115336.62800 122.58410
386729.66000 6115336.67800 122.54092
386729.35800 6115336.77700 122.59336
386729.09900 6115336.97300 122.56672
386728.79200 6115337.20800 122.55596
386728.50700 6115337.54300 122.53650
386728.27000 6115337.81000 122.55720
386728.11400 6115338.02000 122.54888
386728.07400 6115338.29200 122.52161
386728.05700 6115338.56100 122.52989
386728.06600 6115338.94300 122.45758
386728.06500 6115339.15100 122.47430
386728.16500 6115339.78200 122.47150
386728.35900 6115340.21100 122.48800
386728.54800 6115340.49600 122.50948
386728.80500 6115340.81500 122.47677
386729.03500 6115341.08400 122.49660
386729.30100 6115341.32400 122.44484
386730.05600 6115341.92400 122.54949
386730.57700 6115342.20900 122.52913
386730.96000 6115342.41200 122.59548
386731.30700 6115342.57100 122.57404
386731.68900 6115342.71900 122.46571
386732.15500 6115342.88500 122.56725
386732.90300 6115343.38100 122.62294
386733.23300 6115343.62500 122.54840
386733.60800 6115344.01000 122.55892
386733.95709 6115344.49745 122.31918
386734.15700 6115344.98500 122.39537
386734.23600 6115345.32500 122.46210
386734.32300 6115345.82300 122.47634
386734.34500 6115346.49400 122.43386
386734.24500 6115347.22000 122.47295
386734.04100 6115347.88500 122.51820
386733.77700 6115348.50100 122.62110
386733.30000 6115349.64200 122.58460
386732.70500 6115351.11700 122.47530
386732.42600 6115351.75000 122.50680
386732.13200 6115352.44000 122.50356
386731.48800 6115353.76100 122.49324
386731.24100 6115354.20400 122.45377
386730.93700 6115354.62700 122.47620
386730.63000 6115354.99500 122.47740
386730.17100 6115355.44100 122.48063
386729.70900 6115355.80700 122.53581
386729.06200 6115356.07600 122.57407
386728.31600 6115356.28100 122.57216
386727.52500 6115356.44300 122.45283
386726.65600 6115356.49100 122.52720
386725.96200 6115356.51200 122.51786
386725.39100 6115356.53000 122.53402
386725.02200 6115356.51200 122.49900
386724.61800 6115356.56800 122.51207
386724.22400 6115356.63900 122.47345
386723.76400 6115356.77200 122.48974
386723.24600 6115356.94200 122.47566
386722.90000 6115357.11000 122.49400
386722.54200 6115357.30200 122.47646
386722.24300 6115357.58600 122.48776
386721.96700 6115357.86700 122.49416
386721.70000 6115358.25300 122.48925
386721.49900 6115358.67400 122.55798
386721.34300 6115359.08900 122.57781
386721.35700 6115359.51400 122.52146
386721.40400 6115360.00300 122.51232
386721.48200 6115360.49500 122.51428
386721.62500 6115360.91600 122.48325
386721.75700 6115361.17000 122.47604
386721.97200 6115361.51800 122.46812
386722.28400 6115361.94200 122.49218
386722.64100 6115362.36700 122.49165
386722.89000 6115362.58700 122.47800
386723.29900 6115362.92600 122.48578
386723.65000 6115363.14200 122.45240
386724.10700 6115363.42200 122.46078
386724.56000 6115363.70100 122.47911
386724.94100 6115363.91200 122.48752
386725.55700 6115364.32600 122.44893
386726.06100 6115364.71300 122.49087
386726.52100 6115365.15900 122.46518
386726.85500 6115365.55300 122.40612
386727.04200 6115365.85000 122.44000
386727.31100 6115366.26000 122.47198
386727.47200 6115366.65500 122.48000
386727.58900 6115367.05600 122.50707
386727.68300 6115367.55300 122.52471
386727.69000 6115368.00700 122.53768
386727.62200 6115368.50100 122.52383
386727.43600 6115369.07500 122.55385
386727.11800 6115369.53000 122.53592
386726.77900 6115369.92300 122.58407
386726.30100 6115370.28200 122.59047
386725.57400 6115370.61100 122.56099
386724.91300 6115370.82200 122.58704
386724.06900 6115370.99400 122.57883
386723.30400 6115371.23000 122.50844
386723.02100 6115371.44700 122.54135
386722.57800 6115371.78400 122.50905
386722.02200 6115372.27700 122.47818
386721.69500 6115372.61900 122.49611
386721.52000 6115373.15900 122.43300
386721.44900 6115373.67400 122.41122
386721.47100 6115374.23300 122.53053
386721.75800 6115374.72500 122.44370
386722.26300 6115375.55500 122.52037
386722.79500 6115376.13500 122.52360
386723.38000 6115377.17200 122.58822
386723.49300 6115378.13500 122.47528
386723.40100 6115379.08200 122.49380
386723.09800 6115380.02300 122.51421
386722.64100 6115381.97000 122.53594
386722.38600 6115383.28300 122.42398
386722.11400 6115385.30500 122.44122
386721.99100 6115386.40300 122.42265
386721.68600 6115388.13800 122.38544
386721.55000 6115390.34500 122.37000
386721.39200 6115391.60800 122.47935
386721.09000 6115393.97200 122.41736
386720.69500 6115397.06800 122.46126
