6170.61520 3397.90440 -141.04120
6170.60222 3397.70423 -141.04496
6170.59217 3397.50404 -141.04530
6170.58755 3397.30384 -141.03787
6170.59000 3397.10366 -141.02934
6170.60006 3396.90358 -141.01951
6170.61719 3396.70361 -141.01826
6170.64014 3396.50375 -141.01337
6170.66737 3396.30398 -141.01668
6170.69698 3396.10425 -141.01594
6170.72642 3395.90454 -141.01272
6170.75242 3395.70484 -141.00117
6170.77195 3395.50510 -140.99257
6170.78365 3395.30531 -140.99584
6170.78858 3395.10544 -141.00299
6170.78960 3394.90552 -141.00871
6170.78978 3394.70558 -141.00654
6170.79115 3394.50564 -141.00069
6170.79430 3394.30572 -140.99257
6170.79878 3394.10582 -140.98467
6170.80358 3393.90594 -140.97844
6170.80752 3393.70606 -140.97039
6170.80972 3393.50618 -140.95914
6170.80980 3393.30629 -140.94283
6170.80795 3393.10636 -140.92689
6170.80485 3392.90637 -140.91014
6170.80177 3392.70631 -140.89336
6170.80054 3392.50619 -140.87316
6170.80297 3392.30606 -140.85273
6170.80970 3392.10601 -140.83252
6170.81967 3391.90609 -140.81827
6170.83065 3391.70636 -140.81367
6170.84079 3391.50679 -140.82072
6170.84951 3391.30732 -140.83090
6170.85733 3391.10786 -140.83837
6170.86487 3390.90831 -140.84387
6170.87218 3390.70861 -140.85256
6170.87865 3390.50877 -140.86651
6170.88308 3390.30879 -140.88231
6170.88382 3390.10867 -140.89582
6170.87935 3389.90840 -140.90247
6170.86926 3389.70796 -140.90243
6170.85475 3389.50740 -140.90020
6170.83793 3389.30677 -140.89964
6170.82038 3389.10617 -140.90299
6170.80240 3388.90567 -140.90923
6170.78376 3388.70530 -140.91633
6170.76523 3388.50506 -140.91906
6170.74901 3388.30492 -140.91130
6170.73760 3388.10486 -140.89563
6170.73208 3387.90487 -140.87861
6170.73120 3387.70490 -140.86658
6170.73204 3387.50491 -140.85720
6170.73144 3387.30487 -140.84664
6170.72737 3387.10477 -140.83413
6170.71952 3386.90460 -140.82090
6170.70914 3386.70439 -140.80724
6170.69837 3386.50417 -140.79269
6170.68950 3386.30399 -140.77962
6170.68441 3386.10391 -140.76842
6170.68415 3385.90394 -140.75704
6170.68875 3385.70411 -140.74251
6170.69733 3385.50437 -140.72614
6170.70855 3385.30466 -140.71389
6170.72141 3385.10490 -140.70770
6170.73578 3384.90507 -140.70843
6170.75217 3384.70515 -140.71229
6170.77092 3384.50518 -140.71829
6170.79135 3384.30518 -140.72667
6170.81143 3384.10519 -140.74024
6170.82854 3383.90521 -140.75908
6170.84059 3383.70524 -140.77623
6170.84712 3383.50526 -140.78346
6170.84941 3383.30528 -140.77972
6170.84955 3383.10529 -140.78691
6170.84892 3382.90529 -140.80581
6170.84727 3382.70528 -140.82870
6170.84286 3382.50524 -140.82264
6170.83394 3382.30517 -140.79410
6170.82032 3382.10509 -140.76080
6170.80413 3381.90502 -140.73787
6170.78891 3381.70496 -140.72599
6170.77800 3381.50494 -140.71366
6170.77313 3381.30494 -140.70343
6170.77429 3381.10497 -140.69557
6170.78039 3380.90502 -140.69498
6170.79003 3380.70510 -140.69878
6170.80170 3380.50519 -140.69977
6170.81372 3380.30528 -140.69266
6170.82445 3380.10534 -140.67686
6170.83278 3379.90535 -140.65792
6170.83865 3379.70529 -140.63890
6170.84316 3379.50516 -140.62073
6170.84817 3379.30499 -140.59893
6170.85548 3379.10482 -140.57308
6170.86604 3378.90469 -140.55646
6170.87939 3378.70464 -140.55654
6170.89377 3378.50470 -140.57513
6170.90681 3378.30486 -140.59290
6170.91663 3378.10510 -140.60759
6170.92261 3377.90536 -140.61447
6170.92550 3377.70560 -140.61809
6170.92684 3377.50578 -140.61564
6170.92805 3377.30589 -140.61037
6170.92986 3377.10593 -140.60508
6170.93215 3376.90591 -140.60119
6170.93420 3376.70582 -140.59890
6170.93504 3376.50568 -140.59684
6170.93385 3376.30552 -140.59182
6170.93023 3376.10535 -140.58139
6170.92448 3375.90520 -140.56822
6170.91761 3375.70510 -140.55920
6170.91112 3375.50504 -140.55792
6170.90643 3375.30501 -140.56147
6170.90438 3375.10500 -140.56642
6170.90482 3374.90500 -140.57152
6170.90667 3374.70500 -140.57804
6170.90832 3374.50500 -140.58179
6170.90823 3374.30499 -140.58217
6170.90567 3374.10497 -140.57981
6170.90123 3373.90493 -140.57883
6170.89682 3373.70485 -140.58202
6170.89467 3373.50474 -140.58480
6170.89624 3373.30460 -140.59142
6170.90156 3373.10447 -140.59954
6170.90990 3372.90436 -140.61767
6170.92054 3372.70431 -140.63693
6170.93301 3372.50431 -140.65464
6170.94620 3372.30435 -140.66671
6170.95801 3372.10442 -140.67729
6170.96611 3371.90451 -140.68589
6170.96971 3371.70462 -140.68786
6170.97046 3371.50475 -140.68276
6170.97158 3371.30487 -140.67416
6170.97572 3371.10490 -140.66520
6170.98355 3370.90476 -140.65506
6170.99403 3370.70438 -140.64594
6171.00574 3370.50376 -140.64297
6171.01757 3370.30299 -140.64497
6171.02823 3370.10222 -140.64458
6171.03544 3369.90163 -140.63667
6171.03617 3369.70134 -140.62324
6171.02811 3369.50140 -140.60927
6171.01133 3369.30175 -140.58929
6170.98866 3369.10226 -140.56090
6170.96438 3368.90279 -140.54569
6170.94196 3368.70327 -140.54760
6170.92288 3368.50365 -140.57018
6170.90700 3368.30393 -140.57007
6170.89403 3368.10414 -140.55661
6170.88421 3367.90427 -140.53291
6170.87790 3367.70433 -140.52064
6170.87483 3367.50429 -140.51147
6170.87421 3367.30416 -140.49931
6170.87554 3367.10389 -140.48142
6170.87907 3366.90346 -140.46227
6170.88529 3366.70284 -140.44511
6170.89385 3366.50208 -140.43652
6170.90315 3366.30124 -140.43460
6170.91079 3366.10042 -140.43474
6170.91443 3365.89968 -140.42988
6170.91256 3365.69908 -140.41608
6170.90481 3365.49865 -140.40139
6170.89193 3365.29840 -140.38844
6170.87552 3365.09837 -140.37808
6170.85777 3364.89858 -140.36589
6170.84092 3364.69899 -140.35462
6170.82677 3364.49951 -140.34950
6170.81625 3364.30005 -140.35112
6170.80916 3364.10052 -140.35637
6170.80409 3363.90089 -140.36089
6170.79867 3363.70118 -140.36341
6170.79005 3363.50146 -140.36481
6170.77601 3363.30178 -140.36587
6170.75622 3363.10215 -140.36616
6170.73301 3362.90249 -140.36593
6170.71085 3362.70268 -140.36811
6170.69455 3362.50260 -140.37483
6170.68704 3362.30220 -140.38326
6170.68810 3362.10152 -140.38703
6170.69472 3361.90072 -140.38389
6170.70278 3361.69999 -140.37737
6170.70878 3361.49946 -140.37498
6170.71081 3361.29920 -140.37797
6170.70859 3361.09917 -140.38272
6170.70296 3360.89930 -140.37741
6170.69530 3360.69950 -140.36266
6170.68664 3360.49970 -140.34553
6170.67699 3360.29989 -140.33776
6170.66542 3360.10012 -140.33760
6170.65114 3359.90039 -140.33726
6170.63486 3359.70071 -140.33531
6170.61929 3359.50100 -140.33280
6170.60801 3359.30114 -140.33490
6170.60358 3359.10104 -140.33808
6170.60617 3358.90064 -140.34157
6170.61351 3358.69997 -140.34376
6170.62194 3358.49916 -140.34793
6170.62771 3358.29838 -140.35487
6170.62823 3358.09780 -140.36074
6170.62276 3357.89755 -140.36169
6170.61256 3357.69763 -140.36551
6170.60026 3357.49796 -140.37994
6170.58862 3357.29839 -140.40614
6170.57934 3357.09877 -140.42917
6170.57258 3356.89905 -140.44481
6170.56728 3356.69920 -140.45576
6170.56231 3356.49924 -140.46550
6170.55740 3356.29919 -140.46944
6170.55340 3356.09903 -140.46916
6170.55170 3355.89873 -140.46739
6170.55337 3355.69824 -140.47242
6170.55873 3355.49757 -140.46944
6170.56743 3355.29673 -140.46042
6170.57849 3355.09584 -140.43712
6170.59016 3354.89502 -140.42114
6170.59980 3354.69447 -140.41312
6170.60450 3354.49430 -140.41681
6170.60259 3354.29457 -140.41511
6170.59484 3354.09520 -140.40488
6170.58450 3353.89605 -140.38836
6170.57577 3353.69696 -140.37348
6170.57183 3353.49781 -140.35887
6170.57377 3353.29853 -140.34229
6170.58087 3353.09900 -140.32600
6170.59166 3352.89915 -140.31861
6170.60468 3352.69891 -140.32179
6170.61829 3352.49830 -140.32584
6170.62994 3352.29746 -140.31909
6170.63586 3352.09661 -140.30098
6170.63206 3351.89595 -140.27981
6170.61653 3351.69562 -140.26281
6170.59115 3351.49561 -140.24938
6170.56163 3351.29578 -140.24216
6170.53505 3351.09593 -140.24152
6170.51626 3350.89593 -140.25244
6170.50590 3350.69575 -140.26597
6170.50110 3350.49546 -140.27768
6170.49826 3350.29515 -140.27874
6170.49544 3350.09487 -140.27661
6170.49273 3349.89461 -140.27701
6170.49095 3349.69436 -140.28499
6170.49020 3349.49412 -140.29640
6170.48940 3349.29392 -140.30656
6170.48673 3349.09380 -140.31376
6170.48053 3348.89375 -140.31789
6170.46990 3348.69375 -140.31822
6170.45515 3348.49378 -140.31411
6170.43790 3348.29379 -140.30451
6170.42086 3348.09379 -140.29453
6170.40699 3347.89378 -140.28350
6170.39850 3347.69378 -140.27740
6170.39571 3347.49379 -140.27449
6170.39664 3347.29384 -140.28126
6170.39737 3347.09396 -140.29141
6170.39367 3346.89423 -140.30038
6170.38338 3346.69468 -140.30399
6170.36805 3346.49530 -140.30759
6170.35244 3346.29595 -140.31668
6170.34170 3346.09648 -140.33008
6170.33812 3345.89677 -140.34338
6170.33966 3345.69684 -140.35158
6170.34132 3345.49679 -140.35383
6170.33810 3345.29673 -140.35172
6170.32753 3345.09674 -140.34837
6170.31070 3344.89677 -140.34452
6170.29137 3344.69674 -140.34128
6170.27410 3344.49657 -140.34072
6170.26220 3344.29623 -140.34451
6170.25646 3344.09578 -140.35123
6170.25534 3343.89535 -140.35744
6170.25625 3343.69503 -140.36071
6170.25716 3343.49487 -140.35619
6170.25746 3343.29486 -140.34244
6170.25777 3343.09496 -140.32282
6170.25911 3342.89511 -140.30629
6170.26212 3342.69532 -140.29776
6170.26664 3342.49555 -140.29498
6170.27182 3342.29582 -140.29293
6170.27656 3342.09608 -140.29041
6170.28008 3341.89631 -140.28944
6170.28239 3341.69646 -140.29212
6170.28432 3341.49654 -140.29582
6170.28702 3341.29654 -140.29481
6170.29110 3341.09650 -140.29077
6170.29616 3340.89642 -140.28459
6170.30098 3340.69631 -140.28212
6170.30437 3340.49619 -140.27648
6170.30582 3340.29604 -140.26991
6170.30560 3340.09589 -140.26346
6170.30417 3339.89576 -140.26317
6170.30167 3339.69569 -140.26618
6170.29784 3339.49573 -140.26909
6170.29249 3339.29586 -140.26847
6170.28591 3339.09607 -140.26569
6170.27898 3338.89632 -140.26067
6170.27257 3338.69658 -140.25501
6170.26689 3338.49683 -140.24708
6170.26107 3338.29708 -140.23652
6170.25370 3338.09730 -140.22389
6170.24390 3337.89748 -140.21312
6170.23235 3337.69762 -140.20739
6170.22118 3337.49771 -140.20566
6170.21264 3337.29775 -140.20634
6170.20739 3337.09773 -140.20862
6170.20368 3336.89765 -140.21430
6170.19809 3336.69753 -140.22057
6170.18731 3336.49739 -140.22566
6170.16950 3336.29727 -140.22866
6170.14478 3336.09723 -140.23047
6170.11482 3335.89734 -140.23114
6170.08225 3335.69761 -140.22820
6170.05015 3335.49799 -140.22181
6170.02159 3335.29841 -140.21198
6169.99900 3335.09876 -140.20144
6169.98364 3334.89897 -140.19188
6169.97532 3334.69901 -140.18426
6169.97268 3334.49890 -140.17896
6169.97401 3334.29870 -140.17583
6169.97805 3334.09846 -140.17381
6169.98439 3333.89819 -140.16982
6169.99294 3333.69792 -140.16413
6170.00305 3333.49765 -140.15968
6170.01292 3333.29741 -140.15920
6170.01997 3333.09723 -140.16141
6170.02195 3332.89713 -140.16311
6170.01823 3332.69710 -140.16457
6170.01017 3332.49711 -140.16033
6170.00059 3332.29710 -140.15203
6169.99240 3332.09702 -140.14266
6169.98744 3331.89686 -140.14289
6169.98596 3331.69663 -140.15079
6169.98699 3331.49635 -140.15817
6169.98913 3331.29605 -140.16301
6169.99117 3331.09576 -140.16356
6169.99235 3330.89546 -140.16559
6169.99262 3330.69517 -140.16603
6169.99289 3330.49485 -140.17112
6169.99508 3330.29444 -140.17858
6170.00118 3330.09389 -140.18476
6170.01183 3329.89323 -140.18611
6170.02536 3329.69253 -140.18000
6170.03843 3329.49195 -140.17070
6170.04776 3329.29159 -140.16096
6170.05194 3329.09149 -140.15619
6170.05196 3328.89162 -140.15438
6170.05035 3328.69190 -140.15156
6170.04983 3328.49223 -140.14748
6170.05198 3328.29254 -140.14721
6170.05658 3328.09273 -140.15372
6170.06174 3327.89277 -140.16429
6170.06493 3327.69266 -140.17234
6170.06436 3327.49243 -140.18148
6170.05995 3327.29215 -140.19081
6170.05330 3327.09182 -140.20806
6170.04669 3326.89146 -140.22976
6170.04190 3326.69104 -140.25962
6170.03930 3326.49057 -140.28710
6170.03786 3326.29011 -140.30229
6170.03611 3326.08976 -140.30283
6170.03344 3325.88956 -140.29678
6170.03090 3325.68953 -140.29353
6170.03057 3325.48957 -140.29498
6170.03366 3325.28961 -140.30326
6170.03872 3325.08964 -140.32004
6170.04156 3324.88971 -140.34060
6170.03740 3324.68993 -140.35570
6170.02380 3324.49036 -140.35991
6170.00211 3324.29094 -140.36047
6169.97638 3324.09156 -140.36581
6169.95085 3323.89208 -140.37067
6169.92789 3323.69240 -140.36903
6169.90784 3323.49250 -140.35564
6169.89021 3323.29241 -140.34218
6169.87478 3323.09219 -140.32893
6169.86161 3322.89190 -140.31483
6169.85039 3322.69161 -140.30073
6169.84027 3322.49138 -140.28757
6169.83074 3322.29124 -140.28059
6169.82229 3322.09119 -140.27382
6169.81597 3321.89122 -140.26912
6169.81189 3321.69133 -140.26259
6169.80825 3321.49156 -140.25551
6169.80200 3321.29194 -140.24512
6169.79055 3321.09245 -140.23194
6169.77300 3320.89301 -140.22086
6169.75025 3320.69355 -140.22062
6169.72444 3320.49400 -140.23469
6169.69842 3320.29435 -140.25463
6169.67532 3320.09461 -140.26746
6169.65776 3319.89478 -140.26962
6169.64684 3319.69490 -140.26409
6169.64173 3319.49498 -140.25797
6169.64052 3319.29503 -140.25327
6169.64153 3319.09503 -140.25187
6169.64420 3318.89497 -140.25488
6169.64869 3318.69481 -140.26078
6169.65482 3318.49455 -140.26588
6169.66169 3318.29421 -140.26530
6169.66804 3318.09384 -140.26096
6169.67310 3317.89346 -140.25872
6169.67679 3317.69308 -140.26268
6169.67915 3317.49272 -140.27131
6169.67949 3317.29241 -140.28119
6169.67611 3317.09223 -140.29079
6169.66687 3316.89223 -140.29871
6169.65036 3316.69244 -140.30483
6169.62682 3316.49284 -140.31041
6169.59840 3316.29336 -140.31714
6169.56850 3316.09391 -140.32167
6169.54090 3315.89441 -140.31583
6169.51934 3315.69478 -140.29904
6169.50704 3315.49498 -140.27819
6169.50603 3315.29499 -140.26394
6169.51592 3315.09481 -140.25684
6169.53356 3314.89450 -140.25296
6169.55435 3314.69413 -140.25091
6169.57497 3314.49375 -140.25188
6169.59535 3314.29339 -140.25412
6169.61826 3314.09300 -140.24878
6169.64674 3313.89253 -140.23000
6169.68145 3313.69197 -140.20219
6169.71975 3313.49134 -140.17789
6169.75695 3313.29072 -140.16504
6169.78857 3313.09017 -140.16212
6169.81233 3312.88972 -140.16180
6169.82886 3312.68935 -140.16279
6169.84101 3312.48899 -140.16440
6169.85204 3312.28858 -140.16720
6169.86331 3312.08810 -140.16527
6169.87300 3311.88759 -140.16170
6169.87672 3311.68717 -140.16000
6169.86988 3311.48696 -140.16573
6169.85021 3311.28704 -140.17260
6169.81881 3311.08744 -140.17638
6169.77931 3310.88810 -140.17627
6169.73643 3310.68892 -140.17644
6169.69485 3310.48980 -140.17784
6169.65874 3310.29063 -140.17807
6169.63113 3310.09134 -140.17548
6169.61314 3309.89187 -140.17049
6169.60337 3309.69221 -140.16764
6169.59855 3309.49241 -140.16813
6169.59507 3309.29251 -140.17511
6169.59054 3309.09257 -140.18347
6169.58412 3308.89261 -140.18950
6169.57596 3308.69265 -140.19321
6169.56627 3308.49269 -140.19973
6169.55506 3308.29274 -140.21258
6169.54236 3308.09280 -140.22357
6169.52862 3307.89286 -140.22877
6169.51482 3307.69291 -140.23161
6169.50237 3307.49295 -140.23610
6169.49271 3307.29296 -140.24197
6169.48678 3307.09296 -140.24627
6169.48468 3306.89294 -140.25000
6169.48572 3306.69289 -140.25391
6169.48904 3306.49282 -140.25844
6169.49382 3306.29273 -140.26328
6169.49932 3306.09263 -140.26716
6169.50439 3305.89253 -140.26677
6169.50766 3305.69247 -140.26263
6169.50791 3305.49246 -140.25718
6169.50475 3305.29250 -140.25288
6169.49891 3305.09257 -140.24868
6169.49221 3304.89265 -140.24234
6169.48704 3304.69272 -140.23327
6169.48544 3304.49276 -140.22631
6169.48812 3304.29278 -140.22392
6169.49406 3304.09276 -140.22639
6169.50109 3303.89271 -140.22674
6169.50707 3303.69264 -140.22298
6169.51079 3303.49255 -140.21557
6169.51213 3303.29245 -140.20961
6169.51160 3303.09236 -140.20820
6169.50993 3302.89228 -140.21160
6169.50771 3302.69223 -140.21849
6169.50531 3302.49220 -140.22780
6169.50278 3302.29220 -140.23561
6169.49996 3302.09221 -140.23870
6169.49673 3301.89225 -140.23304
6169.49321 3301.69231 -140.22441
6169.48981 3301.49238 -140.21650
6169.48686 3301.29244 -140.21228
6169.48446 3301.09250 -140.20749
6169.48244 3300.89255 -140.20003
6169.48063 3300.69259 -140.19156
6169.47901 3300.49261 -140.18543
6169.47761 3300.29260 -140.18289
6169.47620 3300.09255 -140.18184
6169.47423 3299.89245 -140.18032
6169.47108 3299.69230 -140.17774
6169.46652 3299.49211 -140.17419
6169.46099 3299.29191 -140.17126
6169.45548 3299.09172 -140.16788
6169.45095 3298.89156 -140.16516
6169.44773 3298.69145 -140.16100
6169.44547 3298.49140 -140.15979
6169.44363 3298.29139 -140.16133
6169.44227 3298.09142 -140.16600
6169.44225 3297.89149 -140.16840
6169.44455 3297.69156 -140.16717
6169.44925 3297.49165 -140.16368
6169.45503 3297.29172 -140.16118
6169.45983 3297.09180 -140.16060
6169.46208 3296.89187 -140.16049
6169.46155 3296.69196 -140.15939
6169.45928 3296.49207 -140.15748
6169.45670 3296.29219 -140.15550
6169.45476 3296.09231 -140.15511
6169.45349 3295.89239 -140.15484
6169.45214 3295.69243 -140.15592
6169.44978 3295.49241 -140.15711
6169.44593 3295.29235 -140.15928
6169.44107 3295.09227 -140.15947
6169.43645 3294.89219 -140.15809
6169.43359 3294.69213 -140.15719
6169.43351 3294.49209 -140.15954
6169.43624 3294.29207 -140.16543
6169.44074 3294.09206 -140.17310
6169.44544 3293.89207 -140.18002
6169.44884 3293.69209 -140.18360
6169.45017 3293.49212 -140.18320
6169.44942 3293.29215 -140.18272
6169.44693 3293.09218 -140.18602
6169.44275 3292.89219 -140.19337
6169.43633 3292.69216 -140.19922
6169.42683 3292.49210 -140.19869
6169.41379 3292.29201 -140.19323
6169.39779 3292.09193 -140.18923
6169.38073 3291.89190 -140.19022
6169.36556 3291.69193 -140.19334
6169.35559 3291.49202 -140.19087
6169.35379 3291.29214 -140.18228
6169.36217 3291.09222 -140.17057
6169.38147 3290.89220 -140.16220
6169.41066 3290.69206 -140.15952
6169.44666 3290.49182 -140.16244
6169.48441 3290.29154 -140.16949
6169.51785 3290.09131 -140.17976
6169.54188 3289.89118 -140.19310
6169.55431 3289.69119 -140.20688
6169.55675 3289.49134 -140.21562
6169.55381 3289.29161 -140.21696
6169.55089 3289.09197 -140.21330
6169.55194 3288.89239 -140.21166
6169.55819 3288.69288 -140.21462
6169.56821 3288.49340 -140.22031
6169.57898 3288.29389 -140.22419
6169.58744 3288.09422 -140.22219
6169.59173 3287.89428 -140.21572
6169.59164 3287.69404 -140.20640
6169.58816 3287.49354 -140.19790
6169.58267 3287.29291 -140.19054
6169.57632 3287.09231 -140.18283
6169.56983 3286.89183 -140.17283
6169.56354 3286.69155 -140.16177
6169.55759 3286.49142 -140.15359
6169.55213 3286.29139 -140.15016
6169.54767 3286.09139 -140.14134
6169.54531 3285.89135 -140.13101
6169.54633 3285.69126 -140.11933
6169.55133 3285.49111 -140.12386
6169.55943 3285.29092 -140.13214
6169.56831 3285.09071 -140.14271
6169.57502 3284.89054 -140.14462
6169.57713 3284.69043 -140.14343
6169.57351 3284.49039 -140.14080
6169.56464 3284.29042 -140.14006
6169.55242 3284.09053 -140.14218
6169.53957 3283.89069 -140.14488
6169.52883 3283.69089 -140.14509
6169.52212 3283.49112 -140.14216
6169.51990 3283.29133 -140.13900
6169.52103 3283.09150 -140.13686
6169.52349 3282.89158 -140.13567
6169.52543 3282.69154 -140.13128
6169.52621 3282.49138 -140.12696
6169.52654 3282.29114 -140.12551
6169.52765 3282.09090 -140.13070
6169.52997 3281.89072 -140.13916
6169.53236 3281.69068 -140.14697
6169.53240 3281.49080 -140.15336
6169.52762 3281.29103 -140.15988
6169.51680 3281.09130 -140.16440
6169.50041 3280.89155 -140.16220
6169.48002 3280.69173 -140.15419
6169.45731 3280.49184 -140.15038
6169.43339 3280.29191 -140.15932
6169.40895 3280.09198 -140.17542
6169.38467 3279.89206 -140.18863
6169.36135 3279.69215 -140.19409
6169.33972 3279.49224 -140.19647
6169.32012 3279.29232 -140.20060
6169.30286 3279.09239 -140.20767
6169.28869 3278.89241 -140.21502
6169.27922 3278.69237 -140.21864
6169.27644 3278.49225 -140.21720
6169.28164 3278.29205 -140.21701
6169.29444 3278.09179 -140.21802
6169.31268 3277.89153 -140.22152
6169.33330 3277.69131 -140.22053
6169.35367 3277.49117 -140.21840
6169.37213 3277.29110 -140.21560
6169.38801 3277.09108 -140.20878
6169.40117 3276.89107 -140.20163
6169.41184 3276.69105 -140.19196
6169.42053 3276.49101 -140.18958
6169.42812 3276.29093 -140.18961
6169.43543 3276.09086 -140.19181
6169.44303 3275.89080 -140.18991
6169.45107 3275.69080 -140.18223
6169.45961 3275.49085 -140.17067
6169.46894 3275.29095 -140.16030
6169.47950 3275.09106 -140.15653
6169.49152 3274.89113 -140.16007
6169.50463 3274.69114 -140.16758
6169.51783 3274.49107 -140.17511
6169.52989 3274.29094 -140.18031
6169.53971 3274.09078 -140.18192
6169.54650 3273.89063 -140.18167
6169.54982 3273.69054 -140.18098
6169.54963 3273.49052 -140.18322
6169.54634 3273.29055 -140.18629
6169.54062 3273.09061 -140.19092
6169.53317 3272.89068 -140.19209
6169.52454 3272.69074 -140.19183
6169.51526 3272.49079 -140.18991
6169.50601 3272.29084 -140.18854
6169.49758 3272.09089 -140.18549
6169.49044 3271.89095 -140.17691
6169.48421 3271.69101 -140.16531
6169.47762 3271.49106 -140.15396
6169.46925 3271.29108 -140.14746
6169.45852 3271.09107 -140.14380
6169.44642 3270.89103 -140.13878
6169.43523 3270.69095 -140.13004
6169.42743 3270.49084 -140.12038
6169.42463 3270.29072 -140.11267
6169.42696 3270.09061 -140.10659
6169.43314 3269.89053 -140.09986
6169.44087 3269.69051 -140.09319
6169.44751 3269.49054 -140.08768
6169.45099 3269.29063 -140.08394
6169.45065 3269.09072 -140.08251
6169.44752 3268.89079 -140.08379
6169.44349 3268.69083 -140.08846
6169.43991 3268.49084 -140.09591
6169.43663 3268.29083 -140.10431
6169.43253 3268.09084 -140.10839
6169.42681 3267.89087 -140.10571
6169.41994 3267.69095 -140.10060
6169.41317 3267.49107 -140.09970
6169.40732 3267.29118 -140.10372
6169.40212 3267.09127 -140.10977
6169.39677 3266.89130 -140.11567
6169.39104 3266.69126 -140.12116
6169.38567 3266.49119 -140.12126
6169.38171 3266.29111 -140.11519
6169.37959 3266.09104 -140.10678
6169.37891 3265.89101 -140.10023
6169.37898 3265.69099 -140.09540
6169.37982 3265.49099 -140.08682
6169.38303 3265.29098 -140.07867
6169.39202 3265.09095 -140.07406
6169.41109 3264.89091 -140.07563
6169.44297 3264.69085 -140.08067
6169.48643 3264.49080 -140.08448
6169.53557 3264.29076 -140.08658
6169.58232 3264.09074 -140.08717
6169.62015 3263.89071 -140.08586
6169.64675 3263.69067 -140.08119
6169.66359 3263.49058 -140.07134
6169.67359 3263.29049 -140.06002
6169.67901 3263.09042 -140.05102
6169.68102 3262.89042 -140.04677
6169.68050 3262.69054 -140.04558
6169.67864 3262.49076 -140.04313
6169.67645 3262.29108 -140.03847
6169.67396 3262.09146 -140.03347
6169.67020 3261.89185 -140.02680
6169.66456 3261.69224 -140.01277
6169.65814 3261.49259 -139.98687
6169.65355 3261.29290 -139.95774
6169.65296 3261.09314 -139.93490
6169.65623 3260.89331 -139.92349
6169.66093 3260.69339 -139.91710
6169.66421 3260.49342 -139.90823
6169.66469 3260.29343 -139.89509
6169.66261 3260.09350 -139.88363
6169.65845 3259.89374 -139.88192
6169.65158 3259.69418 -139.88980
6169.64096 3259.49480 -139.90467
6169.62722 3259.29551 -139.91497
6169.61431 3259.09615 -139.92133
6169.60840 3258.89659 -139.91632
6169.61472 3258.69677 -139.91009
6169.63452 3258.49670 -139.89954
6169.66463 3258.29649 -139.89174
6169.69933 3258.09627 -139.88704
6169.73296 3257.89615 -139.89099
6169.76123 3257.69615 -139.90299
6169.78130 3257.49622 -139.91664
6169.79159 3257.29626 -139.92264
6169.79195 3257.09617 -139.91751
6169.78396 3256.89591 -139.90554
6169.77089 3256.69553 -139.89770
6169.75704 3256.49508 -139.90068
6169.74643 3256.29466 -139.91304
6169.74120 3256.09431 -139.92949
6169.74056 3255.89403 -139.94226
6169.74079 3255.69379 -139.94784
6169.73691 3255.49354 -139.94571
6169.72500 3255.29325 -139.94069
6169.70401 3255.09292 -139.93796
6169.67593 3254.89259 -139.93894
6169.64438 3254.69227 -139.94024
6169.61276 3254.49196 -139.93579
6169.58317 3254.29166 -139.92357
6169.55693 3254.09142 -139.90791
6169.53594 3253.89128 -139.89538
6169.52319 3253.69128 -139.88422
6169.52133 3253.49143 -139.86780
6169.53031 3253.29172 -139.84683
6169.54643 3253.09207 -139.82870
6169.56421 3252.89246 -139.82350
6169.57959 3252.69286 -139.82580
6169.59179 3252.49326 -139.83107
6169.60244 3252.29366 -139.83378
6169.61328 3252.09405 -139.83773
6169.62455 3251.89438 -139.84502
6169.63523 3251.69464 -139.85017
6169.64425 3251.49483 -139.84759
6169.65131 3251.29495 -139.83764
6169.65677 3251.09502 -139.83304
6169.66114 3250.89506 -139.84241
6169.66515 3250.69507 -139.86074
6169.66987 3250.49508 -139.87722
6169.67649 3250.29511 -139.88929
6169.68524 3250.09516 -139.90119
6169.69469 3249.89523 -139.91441
6169.70207 3249.69528 -139.92100
6169.70491 3249.49530 -139.91998
6169.70249 3249.29527 -139.91700
6169.69631 3249.09515 -139.92010
6169.68913 3248.89495 -139.92466
6169.68362 3248.69465 -139.92432
6169.68113 3248.49428 -139.91813
6169.68125 3248.29390 -139.91276
6169.68226 3248.09356 -139.91098
6169.68238 3247.89329 -139.90857
6169.68098 3247.69311 -139.90410
6169.67909 3247.49300 -139.90280
6169.67858 3247.29295 -139.91109
6169.68079 3247.09294 -139.92570
6169.68569 3246.89296 -139.93727
6169.69226 3246.69298 -139.94211
6169.69976 3246.49301 -139.94231
6169.70861 3246.29306 -139.94071
6169.72023 3246.09316 -139.93739
6169.73584 3245.89334 -139.93450
6169.75528 3245.69360 -139.93453
6169.77673 3245.49393 -139.93936
6169.79723 3245.29427 -139.94650
6169.81378 3245.09455 -139.95418
6169.82382 3244.89471 -139.95914
6169.82540 3244.69470 -139.96274
6169.81746 3244.49453 -139.96729
6169.80068 3244.29423 -139.97369
6169.77838 3244.09388 -139.98082
6169.75632 3243.89351 -139.98763
6169.74082 3243.69320 -139.99767
6169.73616 3243.49295 -140.01192
6169.74276 3243.29280 -140.02652
6169.75733 3243.09276 -140.03642
6169.77426 3242.89285 -140.04092
6169.78757 3242.69308 -140.04354
6169.79264 3242.49339 -140.04664
6169.78754 3242.29370 -140.04486
6169.77376 3242.09392 -140.04157
6169.75573 3241.89400 -140.03060
6169.73926 3241.69395 -140.01542
6169.72921 3241.49382 -139.98428
6169.72770 3241.29367 -139.95172
6169.73337 3241.09351 -139.93071
6169.74234 3240.89332 -139.93471
6169.75025 3240.69304 -139.94861
6169.75464 3240.49266 -139.95574
6169.75596 3240.29221 -139.94821
6169.75645 3240.09181 -139.93846
6169.75770 3239.89155 -139.93457
6169.75885 3239.69151 -139.93997
6169.75706 3239.49168 -139.94342
6169.74970 3239.29196 -139.93868
6169.73651 3239.09227 -139.92697
6169.72015 3238.89251 -139.91727
6169.70502 3238.69267 -139.91583
6169.69527 3238.49279 -139.91720
6169.69331 3238.29290 -139.91800
6169.69910 3238.09303 -139.91457
6169.71056 3237.89315 -139.90801
6169.72471 3237.69321 -139.89721
6169.73901 3237.49318 -139.88369
6169.75219 3237.29307 -139.87219
6169.76394 3237.09294 -139.86518
6169.77376 3236.89282 -139.86476
6169.78022 3236.69275 -139.86807
6169.78131 3236.49271 -139.87129
6169.77585 3236.29268 -139.87004
6169.76458 3236.09264 -139.86498
6169.75025 3235.89258 -139.86034
6169.73662 3235.69251 -139.86039
6169.72744 3235.49244 -139.86600
6169.72549 3235.29239 -139.87571
6169.73196 3235.09236 -139.88711
6169.74594 3234.89233 -139.89766
6169.76486 3234.69228 -139.90556
6169.78575 3234.49221 -139.91013
6169.80682 3234.29211 -139.91158
6169.82798 3234.09203 -139.90736
6169.85006 3233.89203 -139.89502
6169.87355 3233.69212 -139.87330
6169.89797 3233.49230 -139.85012
6169.92240 3233.29250 -139.83128
6169.94603 3233.09263 -139.82151
6169.96832 3232.89261 -139.81398
6169.98871 3232.69243 -139.80319
6170.00656 3232.49210 -139.78516
6170.02168 3232.29171 -139.76296
6170.03477 3232.09134 -139.74247
6170.04719 3231.89106 -139.72846
6170.05999 3231.69093 -139.72390
6170.07295 3231.49095 -139.72831
6170.08439 3231.29107 -139.73768
6170.09204 3231.09124 -139.74717
6170.09446 3230.89133 -139.75532
6170.09204 3230.69126 -139.76224
6170.08676 3230.49101 -139.76817
6170.08107 3230.29061 -139.77263
6170.07620 3230.09018 -139.77571
6170.07145 3229.88990 -139.77760
6170.06462 3229.68989 -139.77231
6170.05365 3229.49020 -139.76094
6170.03803 3229.29078 -139.74540
6170.01918 3229.09146 -139.73281
6169.99971 3228.89206 -139.72433
6169.98222 3228.69249 -139.72192
6169.96859 3228.49271 -139.72176
6169.96006 3228.29278 -139.72101
6169.95753 3228.09276 -139.71689
6169.96157 3227.89270 -139.71466
6169.97201 3227.69259 -139.71992
6169.98715 3227.49245 -139.73431
6170.00368 3227.29228 -139.74763
6170.01728 3227.09210 -139.75446
6170.02414 3226.89190 -139.75749
6170.02244 3226.69168 -139.77296
6170.01314 3226.49146 -139.79196
6169.99960 3226.29126 -139.79954
6169.98616 3226.09114 -139.78451
6169.97647 3225.89114 -139.76391
6169.97235 3225.69129 -139.75199
6169.97356 3225.49160 -139.75119
6169.97837 3225.29202 -139.75518
6169.98457 3225.09251 -139.76131
6169.99063 3224.89301 -139.76854
6169.99626 3224.69347 -139.77541
6170.00220 3224.49388 -139.77688
6170.00935 3224.29425 -139.77561
6170.01794 3224.09458 -139.77329
6170.02742 3223.89492 -139.77621
6170.03674 3223.69529 -139.78050
6170.04463 3223.49568 -139.78518
6170.04988 3223.29605 -139.78937
6170.05165 3223.09631 -139.79427
6170.05014 3222.89636 -139.79828
6170.04688 3222.69616 -139.79966
6170.04440 3222.49577 -139.79891
6170.04508 3222.29528 -139.79636
6170.04997 3222.09480 -139.79227
6170.05829 3221.89439 -139.78833
6170.06801 3221.69403 -139.78750
6170.07709 3221.49365 -139.79166
6170.08440 3221.29322 -139.79882
6170.08972 3221.09273 -139.80156
6170.09302 3220.89225 -139.79863
6170.09410 3220.69181 -139.78732
6170.09286 3220.49146 -139.78353
6170.09006 3220.29120 -139.78343
6170.08714 3220.09104 -139.79294
6170.08539 3219.89100 -139.79642
6170.08485 3219.69110 -139.79737
6170.08427 3219.49132 -139.79273
6170.08176 3219.29160 -139.78827
6170.07579 3219.09187 -139.78544
6170.06547 3218.89205 -139.78667
6170.05052 3218.69210 -139.79166
6170.03154 3218.49202 -139.79677
6170.01046 3218.29186 -139.79932
6169.99046 3218.09168 -139.80031
6169.97439 3217.89153 -139.80173
6169.96264 3217.69145 -139.80108
6169.95223 3217.49143 -139.79933
6169.93824 3217.29145 -139.79339
6169.91663 3217.09150 -139.78768
6169.88628 3216.89156 -139.77466
6169.84890 3216.69163 -139.76071
6169.80755 3216.49171 -139.74488
6169.76510 3216.29179 -139.73642
6169.72374 3216.09186 -139.73402
6169.68519 3215.89189 -139.74067
6169.65122 3215.69189 -139.75472
6169.62401 3215.49184 -139.77354
6169.60606 3215.29179 -139.79099
6169.59955 3215.09175 -139.79880
6169.60508 3214.89176 -139.79727
6169.62038 3214.69182 -139.79086
6169.64009 3214.49192 -139.78922
6169.65745 3214.29200 -139.78780
6169.66766 3214.09204 -139.78540
6169.67073 3213.89203 -139.77498
6169.67170 3213.69202 -139.76430
6169.67704 3213.49207 -139.75074
6169.69030 3213.29221 -139.73933
6169.70991 3213.09241 -139.72617
6169.73128 3212.89262 -139.71146
6169.75030 3212.69282 -139.70074
6169.76541 3212.49299 -139.70210
6169.77670 3212.29313 -139.71853
6169.78429 3212.09323 -139.73517
6169.78756 3211.89328 -139.74103
6169.78584 3211.69324 -139.73987
6169.77937 3211.49312 -139.74494
6169.76955 3211.29294 -139.75937
6169.75861 3211.09274 -139.77597
6169.74897 3210.89255 -139.78699
6169.74275 3210.69240 -139.79444
6169.74145 3210.49231 -139.79407
6169.74592 3210.29228 -139.79240
6169.75601 3210.09232 -139.79812
6169.77027 3209.89239 -139.82202
6169.78606 3209.69247 -139.85537
6169.80062 3209.49252 -139.87949
6169.81274 3209.29255 -139.89027
6169.82364 3209.09255 -139.89100
6169.83626 3208.89257 -139.89070
6169.85322 3208.69260 -139.89212
6169.87486 3208.49267 -139.89577
6169.89874 3208.29273 -139.89862
6169.92062 3208.09276 -139.89846
6169.93640 3207.89273 -139.89836
6169.94394 3207.69263 -139.90030
6169.94397 3207.49249 -139.90031
6169.93977 3207.29236 -139.89556
6169.93564 3207.09227 -139.88810
6169.93480 3206.89224 -139.88289
6169.93792 3206.69227 -139.88049
6169.94289 3206.49232 -139.87967
6169.94590 3206.29237 -139.87924
6169.94332 3206.09238 -139.87732
6169.93332 3205.89235 -139.87216
6169.91673 3205.69227 -139.85986
6169.89674 3205.49217 -139.84062
6169.87772 3205.29203 -139.81587
6169.86368 3205.09184 -139.79336
6169.85701 3204.89159 -139.78247
6169.85771 3204.69127 -139.79100
6169.86363 3204.49091 -139.81291
6169.87142 3204.29053 -139.83139
6169.87800 3204.09016 -139.83048
6169.88160 3203.88980 -139.81149
6169.88205 3203.68942 -139.78888
6169.88043 3203.48900 -139.77489
6169.87848 3203.28853 -139.77109
6169.87813 3203.08804 -139.77428
6169.88086 3202.88761 -139.78483
6169.88712 3202.68728 -139.80348
6169.89607 3202.48712 -139.82239
6169.90604 3202.28713 -139.83022
6169.91531 3202.08727 -139.82348
6169.92259 3201.88751 -139.81059
6169.92731 3201.68786 -139.80814
6169.92982 3201.48832 -139.80939
6169.93170 3201.28888 -139.81182
6169.93559 3201.08947 -139.79808
6169.94395 3200.88995 -139.78372
6169.95727 3200.69021 -139.77054
6169.97297 3200.49021 -139.76627
6169.98622 3200.29005 -139.76004
6169.99231 3200.08987 -139.74542
6169.98958 3199.88982 -139.72267
6169.98071 3199.68996 -139.69908
6169.97167 3199.49027 -139.68217
6169.96838 3199.29071 -139.66986
6169.97324 3199.09117 -139.65832
6169.98362 3198.89161 -139.64534
6169.99372 3198.69198 -139.63813
6169.99837 3198.49228 -139.63748
6169.99617 3198.29250 -139.64447
6169.98961 3198.09266 -139.65417
6169.98232 3197.89277 -139.66878
6169.97581 3197.69286 -139.68127
6169.96854 3197.49293 -139.68749
6169.95772 3197.29299 -139.68688
6169.94244 3197.09303 -139.69330
6169.92529 3196.89304 -139.71472
6169.91160 3196.69302 -139.74237
6169.90666 3196.49298 -139.75849
6169.91278 3196.29291 -139.75612
6169.92786 3196.09282 -139.74819
6169.94653 3195.89270 -139.74907
6169.96328 3195.69251 -139.75984
6169.97600 3195.49226 -139.76836
6169.98700 3195.29196 -139.76499
6170.00077 3195.09166 -139.75506
6170.01953 3194.89142 -139.74704
6170.04043 3194.69127 -139.74528
6170.05661 3194.49123 -139.74418
6170.06240 3194.29127 -139.74242
6170.05783 3194.09139 -139.73632
6170.04953 3193.89159 -139.72966
6170.04635 3193.69191 -139.71859
6170.05414 3193.49238 -139.71096
6170.07264 3193.29301 -139.70721
6170.09685 3193.09371 -139.71412
6170.12026 3192.89430 -139.72919
6170.13758 3192.69463 -139.74718
6170.14554 3192.49462 -139.76176
6170.14280 3192.29428 -139.76860
6170.12968 3192.09374 -139.77069
6170.10804 3191.89313 -139.76697
6170.08109 3191.69260 -139.75964
6170.05271 3191.49223 -139.75232
6170.02684 3191.29211 -139.75204
6170.00710 3191.09235 -139.75956
6169.99650 3190.89302 -139.77313
6169.99656 3190.69415 -139.78352
6170.00601 3190.49560 -139.79836
6170.02049 3190.29711 -139.80950
6170.03417 3190.09839 -139.82403
6170.04289 3189.89924 -139.81912
6170.04624 3189.69965 -139.80648
6170.04727 3189.49976 -139.78481
6170.04996 3189.29972 -139.77686
6170.05666 3189.09961 -139.77461
6170.06712 3188.89941 -139.77893
6170.07934 3188.69905 -139.78049
6170.09104 3188.49850 -139.78329
6170.10080 3188.29778 -139.78829
6170.10822 3188.09701 -139.79689
6170.11352 3187.89629 -139.80591
6170.11706 3187.69568 -139.81189
6170.11929 3187.49518 -139.81568
6170.12081 3187.29477 -139.82004
6170.12245 3187.09444 -139.82580
6170.12521 3186.89419 -139.83133
6170.12993 3186.69403 -139.83610
6170.13698 3186.49395 -139.84106
6170.14583 3186.29396 -139.84677
6170.15484 3186.09405 -139.85177
6170.16174 3185.89422 -139.85488
6170.16450 3185.69446 -139.85469
6170.16230 3185.49478 -139.85097
6170.15585 3185.29516 -139.84436
6170.14714 3185.09556 -139.83699
6170.13876 3184.89598 -139.83143
6170.13343 3184.69645 -139.82800
6170.13354 3184.49700 -139.82668
6170.14062 3184.29766 -139.82641
6170.15475 3184.09843 -139.82662
6170.17451 3183.89924 -139.82673
6170.19746 3183.70004 -139.82628
6170.22082 3183.50076 -139.82758
6170.24202 3183.30137 -139.83182
6170.25858 3183.10180 -139.83876
6170.26805 3182.90195 -139.84532
6170.26828 3182.70177 -139.85074
6170.25836 3182.50124 -139.85559
6170.23956 3182.30044 -139.85792
6170.21548 3182.09951 -139.85477
6170.19086 3181.89860 -139.84887
6170.16951 3181.69783 -139.84519
6170.15285 3181.49720 -139.84686
6170.13989 3181.29669 -139.84988
6170.12867 3181.09624 -139.85240
6170.11789 3180.89579 -139.85270
6170.10770 3180.69536 -139.85122
6170.09919 3180.49493 -139.84673
6170.09339 3180.29454 -139.84197
6170.09045 3180.09421 -139.83857
6170.08939 3179.89393 -139.84172
6170.08861 3179.69370 -139.85209
6170.08683 3179.49350 -139.86588
6170.08380 3179.29331 -139.87403
6170.08032 3179.09314 -139.87123
6170.07757 3178.89300 -139.86152
6170.07620 3178.69293 -139.85217
6170.07579 3178.49293 -139.84814
6170.07503 3178.29297 -139.84846
6170.07247 3178.09304 -139.84939
6170.06735 3177.89308 -139.84747
6170.06008 3177.69308 -139.84258
6170.05210 3177.49302 -139.83667
6170.04540 3177.29293 -139.83087
6170.04176 3177.09284 -139.82569
6170.04226 3176.89281 -139.82058
6170.04705 3176.69287 -139.81742
6170.05537 3176.49304 -139.81467
6170.06581 3176.29333 -139.81333
6170.07663 3176.09374 -139.81588
6170.08623 3175.89424 -139.82516
6170.09355 3175.69483 -139.83872
6170.09827 3175.49548 -139.84806
6170.10077 3175.29615 -139.85128
6170.10204 3175.09678 -139.85118
6170.10348 3174.89732 -139.85419
6170.10645 3174.69777 -139.86133
6170.11166 3174.49810 -139.87154
6170.11867 3174.29832 -139.88161
6170.12616 3174.09842 -139.88803
6170.13281 3173.89838 -139.88872
6170.13820 3173.69821 -139.88629
6170.14292 3173.49796 -139.88223
6170.14788 3173.29767 -139.88096
6170.15343 3173.09739 -139.88150
6170.15909 3172.89714 -139.88767
6170.16413 3172.69691 -139.89361
6170.16841 3172.49668 -139.89773
6170.17275 3172.29646 -139.89706
6170.17833 3172.09626 -139.89618
6170.18581 3171.89612 -139.89712
6170.19490 3171.69604 -139.89969
6170.20468 3171.49601 -139.90201
6170.21432 3171.29603 -139.90310
6170.22349 3171.09609 -139.90328
6170.23204 3170.89621 -139.90337
6170.23966 3170.69640 -139.90243
6170.24575 3170.49666 -139.89811
6170.24968 3170.29697 -139.89083
6170.25091 3170.09733 -139.88421
6170.24908 3169.89771 -139.88340
6170.24411 3169.69809 -139.88792
6170.23661 3169.49845 -139.89440
6170.22822 3169.29878 -139.90091
6170.22141 3169.09904 -139.90854
6170.21862 3168.89923 -139.91561
6170.22124 3168.69935 -139.91992
6170.22897 3168.49941 -139.91744
6170.24018 3168.29942 -139.91507
6170.25259 3168.09939 -139.91461
6170.26413 3167.89928 -139.92009
6170.27325 3167.69906 -139.92586
6170.27913 3167.49875 -139.93278
6170.28162 3167.29837 -139.93839
6170.28128 3167.09800 -139.94330
6170.27942 3166.89771 -139.94517
6170.27802 3166.69753 -139.94484
6170.27936 3166.49749 -139.94292
6170.28530 3166.29756 -139.93916
6170.29632 3166.09771 -139.93334
6170.31088 3165.89789 -139.92569
6170.32550 3165.69802 -139.91804
6170.33608 3165.49804 -139.91193
6170.33979 3165.29792 -139.90570
6170.33671 3165.09769 -139.89631
6170.33001 3164.89739 -139.88023
6170.32456 3164.69713 -139.85903
6170.32452 3164.49693 -139.83203
6170.33120 3164.29684 -139.79820
6170.34234 3164.09680 -139.75864
6170.35302 3163.89677 -139.71769
6170.35783 3163.69666 -139.68558
6170.35339 3163.49643 -139.66124
6170.33989 3163.29608 -139.65134
6170.32056 3163.09563 -139.64950
6170.29962 3162.89514 -139.65874
6170.27980 3162.69463 -139.66818
6170.26135 3162.49416 -139.67586
6170.24262 3162.29376 -139.67862
6170.22169 3162.09348 -139.68089
6170.19737 3161.89337 -139.68544
6170.16934 3161.69343 -139.69124
6170.13769 3161.49365 -139.69606
6170.10283 3161.29397 -139.69652
6170.06544 3161.09433 -139.69374
6170.02653 3160.89469 -139.68652
6169.98687 3160.69501 -139.67433
6169.94655 3160.49529 -139.65559
6169.90496 3160.29555 -139.62708
6169.86139 3160.09579 -139.58940
6169.81558 3159.89603 -139.53652
6169.76813 3159.69627 -139.47277
6169.72039 3159.49647 -139.39752
6169.67395 3159.29657 -139.32062
6169.63011 3159.09648 -139.24476
6169.58949 3158.89615 -139.17370
6169.55205 3158.69558 -139.10750
6169.51745 3158.49485 -139.04111
6169.48557 3158.29408 -138.97293
6169.45671 3158.09342 -138.89864
6169.43171 3157.89291 -138.82747
6169.41174 3157.69256 -138.76394
6169.39809 3157.49230 -138.71656
6169.39158 3157.29209 -138.68128
6169.39212 3157.09189 -138.65602
6169.39846 3156.89165 -138.63803
6169.40868 3156.69132 -138.62940
6169.42088 3156.49088 -138.63218
6169.43404 3156.29035 -138.64912
6169.44815 3156.08980 -138.68260
6169.46399 3155.88934 -138.73598
6169.48250 3155.68903 -138.80746
6169.50445 3155.48890 -138.89031
6169.53051 3155.28890 -138.98543
6169.56158 3155.08889 -139.08476
6169.59879 3154.88877 -139.18862
6169.64304 3154.68848 -139.28007
6169.69419 3154.48810 -139.36181
6169.75057 3154.28783 -139.43201
6169.80933 3154.08787 -139.49851
6169.86735 3153.88832 -139.56011
6169.92219 3153.68913 -139.61823
6169.97248 3153.49015 -139.66876
6170.01790 3153.29120 -139.71207
6170.05881 3153.09216 -139.74643
6170.09588 3152.89295 -139.77496
6170.12979 3152.69358 -139.79659
6170.16088 3152.49406 -139.81053
6170.18891 3152.29439 -139.81754
6170.21311 3152.09461 -139.82067
6170.23269 3151.89471 -139.82349
6170.24748 3151.69471 -139.82719
6170.25845 3151.49463 -139.83241
6170.26744 3151.29449 -139.83938
6170.27637 3151.09434 -139.84762
6170.28642 3150.89419 -139.85448
6170.29765 3150.69407 -139.85818
6170.30933 3150.49397 -139.85990
6170.32048 3150.29391 -139.86131
6170.33020 3150.09391 -139.86231
6170.33768 3149.89400 -139.86062
6170.34225 3149.69422 -139.85682
6170.34350 3149.49459 -139.85282
6170.34155 3149.29506 -139.85018
6170.33717 3149.09554 -139.84649
6170.33157 3148.89594 -139.84080
6170.32606 3148.69620 -139.83450
6170.32167 3148.49632 -139.83132
6170.31899 3148.29632 -139.83056
6170.31822 3148.09622 -139.82902
6170.31927 3147.89606 -139.82493
6170.32176 3147.69583 -139.81933
6170.32490 3147.49555 -139.81446
6170.32762 3147.29524 -139.80969
6170.32889 3147.09494 -139.80586
6170.32825 3146.89469 -139.80303
6170.32623 3146.69449 -139.80266
6170.32426 3146.49437 -139.80439
6170.32402 3146.29431 -139.80859
6170.32665 3146.09433 -139.81476
6170.33211 3145.89443 -139.82143
6170.33919 3145.69463 -139.82638
6170.34615 3145.49490 -139.82843
6170.35156 3145.29522 -139.82831
6170.35490 3145.09555 -139.82722
6170.35647 3144.89586 -139.82610
6170.35688 3144.69615 -139.82489
6170.35652 3144.49640 -139.82432
6170.35552 3144.29661 -139.82467
6170.35416 3144.09677 -139.82720
6170.35315 3143.89686 -139.83127
6170.35345 3143.69691 -139.83433
6170.35567 3143.49693 -139.83439
6170.35964 3143.29693 -139.83382
6170.36455 3143.09689 -139.83648
6170.36966 3142.89676 -139.84178
6170.37507 3142.69652 -139.84450
6170.38176 3142.49617 -139.84216
6170.39091 3142.29578 -139.83644
6170.40302 3142.09543 -139.83059
6170.41731 3141.89516 -139.82700
6170.43215 3141.69500 -139.82587
6170.44589 3141.49492 -139.82607
6170.45764 3141.29489 -139.82479
6170.46736 3141.09492 -139.82172
6170.47548 3140.89503 -139.81718
6170.48253 3140.69528 -139.81071
6170.48922 3140.49567 -139.80227
6170.49668 3140.29617 -139.79276
6170.50633 3140.09670 -139.78461
6170.51925 3139.89718 -139.78073
6170.53549 3139.69752 -139.78263
6170.55377 3139.49773 -139.79109
6170.57202 3139.29784 -139.79959
6170.58828 3139.09796 -139.80418
6170.60149 3138.89817 -139.80124
6170.61159 3138.69853 -139.79383
6170.61911 3138.49906 -139.78440
6170.62451 3138.29971 -139.77647
6170.62787 3138.10040 -139.77201
6170.62890 3137.90105 -139.77147
6170.62726 3137.70159 -139.77297
6170.62283 3137.50202 -139.77356
6170.61564 3137.30230 -139.77320
6170.60565 3137.10239 -139.77383
6170.59258 3136.90221 -139.77681
6170.57620 3136.70172 -139.78131
6170.55672 3136.50096 -139.78587
6170.53512 3136.30003 -139.79246
6170.51305 3136.09906 -139.80004
6170.49241 3135.89818 -139.80793
6170.47498 3135.69742 -139.81449
6170.46221 3135.49680 -139.82074
6170.45513 3135.29632 -139.82608
6170.45411 3135.09599 -139.82920
6170.45870 3134.89581 -139.83067
6170.46757 3134.69578 -139.83298
6170.47890 3134.49585 -139.83681
6170.49099 3134.29599 -139.83927
6170.50270 3134.09615 -139.83706
6170.51363 3133.89628 -139.83053
6170.52397 3133.69637 -139.82407
6170.53426 3133.49641 -139.82259
6170.54493 3133.29643 -139.82788
6170.55591 3133.09647 -139.83749
6170.56638 3132.89658 -139.84657
6170.57506 3132.69679 -139.85180
6170.58080 3132.49712 -139.85408
6170.58317 3132.29751 -139.85670
6170.58238 3132.09788 -139.86249
6170.57881 3131.89812 -139.86950
6170.57259 3131.69815 -139.87536
6170.56384 3131.49796 -139.87932
6170.55317 3131.29761 -139.88340
6170.54181 3131.09721 -139.88874
6170.53118 3130.89686 -139.89359
6170.52209 3130.69661 -139.89856
6170.51452 3130.49646 -139.90431
6170.50804 3130.29639 -139.91182
6170.50258 3130.09633 -139.91872
6170.49871 3129.89629 -139.92379
6170.49738 3129.69624 -139.92740
6170.49931 3129.49622 -139.93020
6170.50466 3129.29622 -139.93127
6170.51284 3129.09624 -139.93076
6170.52266 3128.89627 -139.93021
6170.53251 3128.69627 -139.93151
6170.54081 3128.49623 -139.93266
6170.54659 3128.29612 -139.92958
6170.54978 3128.09598 -139.92071
6170.55092 3127.89582 -139.90777
6170.55064 3127.69567 -139.89627
6170.54929 3127.49555 -139.88891
6170.54699 3127.29545 -139.88751
6170.54407 3127.09538 -139.88982
6170.54118 3126.89535 -139.89292
6170.53917 3126.69536 -139.89443
6170.53893 3126.49542 -139.89539
6170.54141 3126.29554 -139.89732
6170.54783 3126.09573 -139.90209
6170.55946 3125.89601 -139.90758
6170.57689 3125.69640 -139.91411
6170.59926 3125.49690 -139.91999
6170.62399 3125.29747 -139.92451
6170.64771 3125.09806 -139.92690
6170.66763 3124.89864 -139.92827
6170.68263 3124.69919 -139.93310
6170.69334 3124.49973 -139.94309
6170.70128 3124.30024 -139.95724
6170.70783 3124.10067 -139.97138
6170.71371 3123.90099 -139.98236
6170.71914 3123.70117 -139.98879
6170.72432 3123.50123 -139.98972
6170.72974 3123.30123 -139.98341
6170.73623 3123.10121 -139.97348
6170.74460 3122.90122 -139.96468
6170.75512 3122.70125 -139.96397
6170.76712 3122.50127 -139.96626
6170.77900 3122.30125 -139.96820
6170.78867 3122.10114 -139.96577
6170.79446 3121.90091 -139.96252
6170.79581 3121.70057 -139.95882
6170.79355 3121.50013 -139.95604
6170.78942 3121.29965 -139.95588
6170.78525 3121.09919 -139.95918
6170.78211 3120.89880 -139.96346
6170.77993 3120.69852 -139.96572
6170.77767 3120.49832 -139.96479
6170.77402 3120.29818 -139.96177
6170.76828 3120.09805 -139.95772
6170.76103 3119.89791 -139.95479
6170.75414 3119.69777 -139.95451
6170.75013 3119.49765 -139.95607
6170.75106 3119.29758 -139.95831
6170.75766 3119.09758 -139.96066
6170.76904 3118.89765 -139.96426
6170.78290 3118.69775 -139.96804
6170.79625 3118.49785 -139.97143
6170.80635 3118.29796 -139.97406
6170.81162 3118.09811 -139.97627
6170.81200 3117.89836 -139.97694
6170.80879 3117.69878 -139.97533
6170.80382 3117.49938 -139.97249
6170.79877 3117.30010 -139.97014
6170.79478 3117.10080 -139.96864
6170.79231 3116.90136 -139.96683
6170.79114 3116.70166 -139.96547
6170.79050 3116.50169 -139.96673
6170.78935 3116.30148 -139.97091
6170.78701 3116.10108 -139.97488
6170.78348 3115.90057 -139.97557
6170.77925 3115.70001 -139.97392
6170.77467 3115.49947 -139.97403
6170.76949 3115.29899 -139.97742
6170.76308 3115.09859 -139.98333
6170.75526 3114.89827 -139.98822
6170.74683 3114.69803 -139.99147
6170.73933 3114.49786 -139.99349
6170.73422 3114.29773 -139.99552
6170.73180 3114.09766 -139.99734
6170.73100 3113.89762 -139.99819
6170.72988 3113.69761 -139.99801
6170.72668 3113.49761 -139.99764
6170.72083 3113.29759 -139.99813
6170.71332 3113.09755 -140.00196
6170.70624 3112.89749 -140.00768
6170.70165 3112.69744 -140.01562
6170.70063 3112.49742 -140.02181
6170.70287 3112.29743 -140.03112
6170.70717 3112.09745 -140.04481
6170.71226 3111.89747 -140.06497
6170.71736 3111.69749 -140.08529
6170.72216 3111.49749 -140.10127
6170.72650 3111.29748 -140.11128
6170.73017 3111.09744 -140.11668
6170.73319 3110.89737 -140.11982
6170.73610 3110.69728 -140.12221
6170.73989 3110.49720 -140.12436
6170.74541 3110.29716 -140.12466
6170.75271 3110.09718 -140.12121
6170.76090 3109.89724 -140.11566
6170.76857 3109.69729 -140.11268
6170.77454 3109.49731 -140.12091
6170.77874 3109.29730 -140.13847
6170.78259 3109.09730 -140.15877
6170.78883 3108.89737 -140.16720
6170.80039 3108.69760 -140.16267
6170.81896 3108.49801 -140.14800
6170.84415 3108.29862 -140.13120
6170.87371 3108.09938 -140.11836
6170.90451 3107.90019 -140.11422
6170.93344 3107.70099 -140.12074
6170.95766 3107.50167 -140.13253
6170.97465 3107.30213 -140.14236
6170.98238 3107.10230 -140.14608
6170.97986 3106.90214 -140.14441
6170.96768 3106.70167 -140.14020
6170.94802 3106.50099 -140.13551
6170.92419 3106.30020 -140.13137
6170.89998 3106.09944 -140.12571
6170.87914 3105.89880 -140.11521
6170.86503 3105.69835 -140.09628
6170.86010 3105.49813 -140.07498
6170.86523 3105.29813 -140.05721
6170.87926 3105.09830 -140.04800
6170.89916 3104.89859 -140.03784
6170.92114 3104.69892 -140.02197
6170.94196 3104.49924 -139.99907
6170.95975 3104.29953 -139.97939
6170.97396 3104.09978 -139.96483
6170.98480 3103.90002 -139.95380
6170.99275 3103.70026 -139.94074
6170.99865 3103.50050 -139.92466
6171.00374 3103.30075 -139.90651
6171.00953 3103.10099 -139.88874
6171.01719 3102.90122 -139.87536
6171.02688 3102.70142 -139.86860
6171.03772 3102.50156 -139.86586
6171.04855 3102.30159 -139.86161
6171.05904 3102.10149 -139.85237
6171.06998 3101.90126 -139.84141
6171.08252 3101.70094 -139.83134
6171.09692 3101.50057 -139.82197
6171.11192 3101.30023 -139.81029
6171.12545 3101.09996 -139.79747
6171.13596 3100.89984 -139.78703
6171.14323 3100.69989 -139.78047
6171.14823 3100.50009 -139.77626
6171.15224 3100.30041 -139.77151
6171.15628 3100.10078 -139.76561
6171.16096 3099.90111 -139.75883
6171.16668 3099.70138 -139.75253
6171.17360 3099.50158 -139.74784
6171.18142 3099.30171 -139.74598
6171.18937 3099.10182 -139.74746
6171.19653 3098.90193 -139.75100
6171.20240 3098.70206 -139.75314
6171.20725 3098.50223 -139.75211
6171.21196 3098.30248 -139.74812
6171.21759 3098.10284 -139.74437
6171.22493 3097.90334 -139.74164
6171.23434 3097.70401 -139.74051
6171.24568 3097.50481 -139.74042
6171.25824 3097.30562 -139.74156
6171.27076 3097.10628 -139.74282
6171.28170 3096.90661 -139.74419
6171.28969 3096.70652 -139.74523
6171.29405 3096.50604 -139.74658
6171.29482 3096.30530 -139.74756
6171.29258 3096.10448 -139.74842
6171.28809 3095.90371 -139.74944
6171.28212 3095.70306 -139.75079
6171.27538 3095.50250 -139.75183
6171.26869 3095.30200 -139.75187
6171.26308 3095.10157 -139.75044
6171.25992 3094.90122 -139.74847
6171.26064 3094.70099 -139.74507
6171.26633 3094.50088 -139.74377
6171.27729 3094.30088 -139.74393
6171.29294 3094.10097 -139.74763
6171.31214 3093.90115 -139.74854
6171.33339 3093.70144 -139.74929
6171.35501 3093.50184 -139.74950
6171.37521 3093.30233 -139.75362
6171.39226 3093.10285 -139.75740
6171.40497 3092.90336 -139.76102
6171.41298 3092.70383 -139.76438
6171.41671 3092.50427 -139.76946
6171.41689 3092.30467 -139.77478
6171.41423 3092.10502 -139.77772
6171.40935 3091.90535 -139.77786
6171.40299 3091.70564 -139.77682
6171.39621 3091.50593 -139.77613
6171.39025 3091.30622 -139.77633
6171.38621 3091.10650 -139.77659
6171.38496 3090.90676 -139.77733
6171.38701 3090.70703 -139.77813
6171.39233 3090.50729 -139.77886
6171.40015 3090.30753 -139.77980
6171.40890 3090.10773 -139.78181
6171.41664 3089.90781 -139.78394
6171.42193 3089.70773 -139.78580
6171.42459 3089.50752 -139.78789
6171.42580 3089.30724 -139.79198
6171.42746 3089.10701 -139.79746
6171.43112 3088.90695 -139.80152
6171.43740 3088.70712 -139.80399
6171.44616 3088.50751 -139.80404
6171.45724 3088.30806 -139.80416
6171.47088 3088.10867 -139.80347
6171.48708 3087.90924 -139.80380
6171.50437 3087.70968 -139.80429
6171.51928 3087.50988 -139.80541
6171.52778 3087.30980 -139.80690
6171.52791 3087.10946 -139.80866
6171.52152 3086.90898 -139.81081
6171.51364 3086.70855 -139.81251
6171.50982 3086.50835 -139.81377
6171.51356 3086.30848 -139.81581
6171.52530 3086.10895 -139.82081
6171.54297 3085.90973 -139.82910
6171.56317 3085.71071 -139.83729
6171.58231 3085.51176 -139.84214
6171.59750 3085.31268 -139.84169
6171.60732 3085.11330 -139.83899
6171.61219 3084.91351 -139.83524
6171.61402 3084.71333 -139.83347
6171.61525 3084.51288 -139.83179
6171.61773 3084.31237 -139.83066
6171.62206 3084.11194 -139.82884
6171.62755 3083.91166 -139.82771
6171.63293 3083.71152 -139.82769
6171.63703 3083.51143 -139.82890
6171.63923 3083.31135 -139.82983
6171.63945 3083.11122 -139.82930
6171.63780 3082.91102 -139.82748
6171.63437 3082.71072 -139.82617
6171.62930 3082.51034 -139.82557
6171.62312 3082.30988 -139.82278
6171.61707 3082.10939 -139.81752
6171.61295 3081.90891 -139.81186
6171.61239 3081.70847 -139.81309
6171.61603 3081.50812 -139.81757
6171.62338 3081.30788 -139.82451
6171.63329 3081.10780 -139.82724
6171.64471 3080.90794 -139.83174
6171.65696 3080.70833 -139.83602
6171.66949 3080.50893 -139.84121
6171.68172 3080.30963 -139.84326
6171.69318 3080.11025 -139.84363
6171.70390 3079.91065 -139.84431
6171.71443 3079.71078 -139.84674
6171.72543 3079.51068 -139.85026
6171.73714 3079.31046 -139.85386
6171.74911 3079.11024 -139.85784
6171.76040 3078.91007 -139.86263
6171.76997 3078.70998 -139.86692
6171.77702 3078.50991 -139.86849
6171.78115 3078.30983 -139.86838
6171.78238 3078.10970 -139.86852
6171.78128 3077.90950 -139.86991
6171.77886 3077.70928 -139.87321
6171.77641 3077.50908 -139.87766
6171.77503 3077.30892 -139.88493
6171.77526 3077.10878 -139.89222
6171.77715 3076.90860 -139.89936
6171.78064 3076.70835 -139.90523
6171.78588 3076.50804 -139.91011
6171.79320 3076.30775 -139.91513
6171.80273 3076.10754 -139.92118
6171.81416 3075.90749 -139.92884
6171.82679 3075.70759 -139.93687
6171.83973 3075.50784 -139.94378
6171.85213 3075.30817 -139.94854
6171.86350 3075.10853 -139.95033
6171.87401 3074.90890 -139.95049
6171.88476 3074.70929 -139.95224
6171.89741 3074.50971 -139.95860
6171.91330 3074.31015 -139.96736
6171.93227 3074.11048 -139.97431
6171.95234 3073.91055 -139.97569
6171.97028 3073.71018 -139.97287
6171.98310 3073.50936 -139.96776
6171.98937 3073.30824 -139.96296
6171.98980 3073.10711 -139.95936
6171.98669 3072.90628 -139.95784
6171.98281 3072.70597 -139.95744
6171.98019 3072.50620 -139.95714
6171.97972 3072.30681 -139.95667
6171.98139 3072.10758 -139.95670
6171.98476 3071.90830 -139.95614
6171.98933 3071.70882 -139.95316
6171.99479 3071.50913 -139.94754
6172.00111 3071.30926 -139.94193
6172.00861 3071.10928 -139.93698
6172.01758 3070.90923 -139.93042
6172.02780 3070.70914 -139.92073
6172.03831 3070.50899 -139.91184
6172.04767 3070.30880 -139.90784
6172.05478 3070.10855 -139.90922
6172.05934 3069.90825 -139.91167
6172.06184 3069.70791 -139.91169
6172.06300 3069.50755 -139.90922
6172.06323 3069.30720 -139.90739
6172.06256 3069.10690 -139.90859
6172.06091 3068.90671 -139.91170
6172.05864 3068.70666 -139.91311
6172.05678 3068.50677 -139.91083
6172.05678 3068.30701 -139.90730
6172.05976 3068.10731 -139.90457
6172.06569 3067.90762 -139.90409
6172.07318 3067.70786 -139.90489
6172.08010 3067.50801 -139.90644
6172.08475 3067.30807 -139.90984
6172.08690 3067.10806 -139.91318
6172.08778 3066.90802 -139.91677
6172.08923 3066.70799 -139.91849
6172.09241 3066.50801 -139.91931
6172.09680 3066.30807 -139.91886
6172.10020 3066.10817 -139.91714
6172.09980 3065.90826 -139.91486
6172.09377 3065.70828 -139.91277
6172.08244 3065.50823 -139.91154
6172.06830 3065.30812 -139.91124
6172.05501 3065.10798 -139.91157
6172.04591 3064.90789 -139.91254
6172.04292 3064.70790 -139.91311
6172.04597 3064.50802 -139.91226
6172.05319 3064.30820 -139.90952
6172.06181 3064.10836 -139.90681
6172.06949 3063.90841 -139.90484
6172.07550 3063.70832 -139.90324
6172.08085 3063.50812 -139.89939
6172.08738 3063.30791 -139.89433
6172.09654 3063.10778 -139.88990
6172.10867 3062.90779 -139.88757
6172.12315 3062.70796 -139.88581
6172.13877 3062.50827 -139.88337
6172.15395 3062.30864 -139.88082
6172.16684 3062.10897 -139.87994
6172.17573 3061.90915 -139.88072
6172.17983 3061.70914 -139.88233
6172.18002 3061.50895 -139.88377
6172.17867 3061.30867 -139.88623
6172.17857 3061.10841 -139.89074
6172.18160 3060.90827 -139.89913
6172.18787 3060.70830 -139.90911
6172.19608 3060.50849 -139.91688
6172.20455 3060.30877 -139.91750
6172.21228 3060.10906 -139.91354
6172.21916 3059.90929 -139.91119
6172.22545 3059.70943 -139.91358
6172.23110 3059.50947 -139.91842
6172.23562 3059.30944 -139.92121
6172.23859 3059.10932 -139.92159
6172.24002 3058.90911 -139.92143
6172.24030 3058.70884 -139.92212
6172.23972 3058.50849 -139.92354
6172.23820 3058.30810 -139.92433
6172.23542 3058.10769 -139.92510
6172.23135 3057.90728 -139.92657
6172.22651 3057.70690 -139.92941
6172.22191 3057.50659 -139.93226
6172.21876 3057.30636 -139.93269
6172.21803 3057.10627 -139.92910
6172.22027 3056.90634 -139.92188
6172.22539 3056.70661 -139.91430
6172.23274 3056.50706 -139.90899
6172.24124 3056.30763 -139.90694
6172.24950 3056.10821 -139.90674
6172.25607 3055.90866 -139.90847
6172.25973 3055.70889 -139.91153
6172.25993 3055.50884 -139.91451
6172.25720 3055.30854 -139.91344
6172.25325 3055.10809 -139.90802
6172.25050 3054.90762 -139.90319
6172.25111 3054.70722 -139.90279
6172.25614 3054.50694 -139.90608
6172.26528 3054.30678 -139.90699
6172.27710 3054.10668 -139.90370
6172.28959 3053.90660 -139.89730
6172.30069 3053.70649 -139.89077
6172.30873 3053.50634 -139.88550
6172.31296 3053.30618 -139.88160
6172.31372 3053.10603 -139.87762
6172.31229 3052.90598 -139.87044
6172.31015 3052.70607 -139.85864
6172.30832 3052.50633 -139.84730
6172.30707 3052.30673 -139.83923
6172.30627 3052.10723 -139.83779
6172.30580 3051.90774 -139.83629
6172.30587 3051.70824 -139.83398
6172.30686 3051.50869 -139.82996
6172.30902 3051.30908 -139.82733
6172.31231 3051.10943 -139.82758
6172.31662 3050.90974 -139.82751
6172.32180 3050.71002 -139.82716
6172.32762 3050.51028 -139.82726
6172.33346 3050.31051 -139.83051
6172.33829 3050.11069 -139.83484
6172.34118 3049.91078 -139.83640
6172.34214 3049.71076 -139.83333
6172.34250 3049.51065 -139.82746
6172.34432 3049.31050 -139.82178
6172.34924 3049.11032 -139.81827
6172.35742 3048.91006 -139.81630
6172.36758 3048.70965 -139.81537
6172.37794 3048.50904 -139.81497
6172.38723 3048.30828 -139.81608
6172.39514 3048.10752 -139.81760
6172.40190 3047.90693 -139.81871
6172.40773 3047.70665 -139.81943
6172.41250 3047.50668 -139.82037
6172.41587 3047.30696 -139.82283
6172.41759 3047.10735 -139.82683
6172.41758 3046.90774 -139.83209
6172.41594 3046.70804 -139.83680
6172.41289 3046.50821 -139.83888
6172.40893 3046.30826 -139.83747
6172.40486 3046.10819 -139.83289
6172.40165 3045.90804 -139.82778
6172.40008 3045.70783 -139.82429
6172.40036 3045.50757 -139.82300
6172.40190 3045.30729 -139.82261
6172.40356 3045.10702 -139.82236
6172.40409 3044.90677 -139.82162
6172.40261 3044.70657 -139.82022
6172.39894 3044.50641 -139.81772
6172.39369 3044.30630 -139.81430
6172.38800 3044.10625 -139.81750
6172.38321 3043.90632 -139.82171
6172.38054 3043.70655 -139.82800
6172.38079 3043.50693 -139.82256
6172.38408 3043.30739 -139.81682
6172.38972 3043.10781 -139.81231
6172.39644 3042.90808 -139.81637
6172.40280 3042.70813 -139.82133
6172.40768 3042.50796 -139.82342
6172.41069 3042.30765 -139.82198
6172.41216 3042.10727 -139.82088
6172.41291 3041.90690 -139.82101
6172.41366 3041.70656 -139.82167
6172.41472 3041.50624 -139.82294
6172.41585 3041.30597 -139.82567
6172.41654 3041.10574 -139.82939
6172.41643 3040.90561 -139.82931
6172.41559 3040.70561 -139.82612
6172.41443 3040.50575 -139.82134
6172.41332 3040.30600 -139.81851
6172.41220 3040.10631 -139.81741
6172.41059 3039.90662 -139.81864
6172.40789 3039.70690 -139.82071
6172.40395 3039.50713 -139.82207
6172.39943 3039.30731 -139.82100
6172.39557 3039.10743 -139.81896
6172.39355 3038.90745 -139.81822
6172.39384 3038.70737 -139.81956
6172.39604 3038.50719 -139.82162
6172.39927 3038.30696 -139.82267
6172.40276 3038.10675 -139.82236
6172.40612 3037.90664 -139.82103
6172.40922 3037.70671 -139.81933
6172.41202 3037.50697 -139.81813
6172.41456 3037.30742 -139.81941
6172.41723 3037.10804 -139.82197
6172.42076 3036.90879 -139.82574
6172.42593 3036.70964 -139.82783
6172.43311 3036.51053 -139.82958
6172.44209 3036.31134 -139.83024
6172.45217 3036.11195 -139.83141
6172.46246 3035.91224 -139.83340
6172.47209 3035.71216 -139.83572
6172.48040 3035.51176 -139.83766
6172.48705 3035.31117 -139.83852
6172.49191 3035.11059 -139.83886
6172.49511 3034.91016 -139.83833
6172.49685 3034.70999 -139.83637
6172.49742 3034.51006 -139.83319
6172.49724 3034.31029 -139.83016
6172.49686 3034.11055 -139.82861
6172.49673 3033.91070 -139.82817
6172.49699 3033.71065 -139.82797
6172.49718 3033.51038 -139.82792
6172.49633 3033.30991 -139.82893
6172.49320 3033.10933 -139.83412
6172.48706 3032.90870 -139.84011
6172.47820 3032.70808 -139.84664
6172.46801 3032.50751 -139.84577
6172.45833 3032.30701 -139.84218
6172.45066 3032.10661 -139.83578
6172.44574 3031.90632 -139.83294
6172.44384 3031.70615 -139.83200
6172.44514 3031.50606 -139.83292
6172.44986 3031.30604 -139.83510
6172.45789 3031.10607 -139.83773
6172.46861 3030.90616 -139.83966
6172.48120 3030.70633 -139.83906
6172.49524 3030.50661 -139.83454
6172.51080 3030.30696 -139.82844
6172.52780 3030.10734 -139.82987
6172.54524 3029.90767 -139.83780
6172.56104 3029.70786 -139.85023
6172.57291 3029.50788 -139.85110
6172.57940 3029.30775 -139.84764
6172.58033 3029.10754 -139.83999
6172.57663 3028.90731 -139.83746
6172.56977 3028.70708 -139.83694
6172.56146 3028.50685 -139.83883
6172.55330 3028.30662 -139.84099
6172.54660 3028.10640 -139.84186
6172.54202 3027.90621 -139.84217
6172.53946 3027.70604 -139.84383
6172.53824 3027.50591 -139.84829
6172.53741 3027.30582 -139.85386
6172.53623 3027.10577 -139.85853
6172.53434 3026.90578 -139.85932
6172.53194 3026.70585 -139.85722
6172.52958 3026.50596 -139.85393
6172.52784 3026.30609 -139.85191
6172.52695 3026.10624 -139.85182
6172.52646 3025.90640 -139.85178
6172.52534 3025.70661 -139.85087
6172.52256 3025.50688 -139.84834
6172.51773 3025.30717 -139.84620
6172.51157 3025.10744 -139.84569
6172.50575 3024.90761 -139.84640
6172.50210 3024.70762 -139.84669
6172.50174 3024.50747 -139.84533
6172.50449 3024.30725 -139.84271
6172.50912 3024.10707 -139.84056
6172.51414 3023.90706 -139.83993
6172.51875 3023.70730 -139.84216
6172.52308 3023.50780 -139.84666
6172.52776 3023.30846 -139.85212
6172.53319 3023.10911 -139.85757
6172.53913 3022.90962 -139.86024
6172.54489 3022.70992 -139.86086
6172.54988 3022.51004 -139.85951
6172.55382 3022.31003 -139.86026
6172.55677 3022.10998 -139.86299
6172.55885 3021.90991 -139.86692
6172.56028 3021.70983 -139.87026
6172.56137 3021.50975 -139.87282
6172.56256 3021.30969 -139.87484
6172.56419 3021.10967 -139.87624
6172.56646 3020.90971 -139.87742
6172.56952 3020.70983 -139.87829
6172.57353 3020.50999 -139.87993
6172.57850 3020.31018 -139.88222
6172.58400 3020.11034 -139.88567
6172.58905 3019.91044 -139.88614
6172.59263 3019.71046 -139.88368
6172.59439 3019.51040 -139.87852
6172.59490 3019.31028 -139.87520
6172.59522 3019.11015 -139.87236
6172.59604 3018.91003 -139.86992
6172.59716 3018.70992 -139.86724
6172.59767 3018.50981 -139.86552
6172.59679 3018.30968 -139.86380
6172.59447 3018.10951 -139.86279
6172.59150 3017.90926 -139.86382
6172.58891 3017.70890 -139.86823
6172.58736 3017.50841 -139.87234
6172.58687 3017.30786 -139.87186
6172.58711 3017.10734 -139.86622
6172.58780 3016.90698 -139.85776
6172.58906 3016.70687 -139.85226
6172.59124 3016.50702 -139.85060
6172.59469 3016.30735 -139.85446
6172.59936 3016.10776 -139.86078
6172.60462 3015.90818 -139.86693
6172.60942 3015.70858 -139.86959
6172.61263 3015.50895 -139.86783
6172.61353 3015.30929 -139.86284
6172.61203 3015.10957 -139.85681
6172.60865 3014.90972 -139.85334
6172.60420 3014.70969 -139.85293
6172.59951 3014.50949 -139.85562
6172.59507 3014.30918 -139.85908
6172.59102 3014.10884 -139.86372
6172.58727 3013.90857 -139.86919
6172.58381 3013.70839 -139.87306
6172.58084 3013.50831 -139.87449
6172.57875 3013.30829 -139.87206
6172.57769 3013.10830 -139.86918
6172.57743 3012.90830 -139.86670
6172.57756 3012.70828 -139.86618
6172.57800 3012.50823 -139.86623
6172.57931 3012.30816 -139.86741
6172.58235 3012.10808 -139.87009
6172.58758 3011.90800 -139.87486
6172.59462 3011.70794 -139.88033
6172.60252 3011.50788 -139.88506
6172.61023 3011.30780 -139.88591
6172.61701 3011.10771 -139.88336
6172.62239 3010.90758 -139.87672
6172.62616 3010.70741 -139.87088
6172.62851 3010.50719 -139.86516
6172.63008 3010.30693 -139.86322
6172.63177 3010.10665 -139.86412
6172.63428 3009.90637 -139.86942
6172.63778 3009.70607 -139.87639
6172.64192 3009.50576 -139.88266
6172.64604 3009.30550 -139.88703
6172.64927 3009.10537 -139.89048
6172.65017 3008.90545 -139.89382
6172.64692 3008.70582 -139.89571
6172.63801 3008.50646 -139.89513
6172.62368 3008.30725 -139.89344
6172.60676 3008.10801 -139.89218
6172.59191 3007.90858 -139.89388
6172.58320 3007.70885 -139.89597
6172.58179 3007.50885 -139.89929
6172.58526 3007.30864 -139.89998
6172.58945 3007.10831 -139.90016
6172.59106 3006.90789 -139.89904
6172.58932 3006.70741 -139.89847
6172.58562 3006.50689 -139.89770
6172.58212 3006.30636 -139.89611
6172.58058 3006.10587 -139.89343
6172.58204 3005.90547 -139.89009
6172.58665 3005.70520 -139.88684
6172.59357 3005.50505 -139.88456
6172.60099 3005.30501 -139.88354
6172.60698 3005.10508 -139.88344
6172.61066 3004.90522 -139.88348
6172.61274 3004.70540 -139.88211
6172.61467 3004.50559 -139.87927
6172.61733 3004.30575 -139.87403
6172.62038 3004.10587 -139.86841
6172.62287 3003.90598 -139.86408
6172.62441 3003.70610 -139.86327
6172.62547 3003.50625 -139.86458
6172.62670 3003.30638 -139.86601
6172.62808 3003.10643 -139.86636
6172.62889 3002.90633 -139.86546
6172.62856 3002.70601 -139.86252
6172.62750 3002.50552 -139.85737
6172.62711 3002.30498 -139.85184
6172.62886 3002.10463 -139.84970
6172.63334 3001.90472 -139.85029
6172.63992 3001.70539 -139.85144
6172.64717 3001.50661 -139.84892
6172.65367 3001.30811 -139.84574
6172.65864 3001.10955 -139.84309
6172.66203 3000.91060 -139.84389
6172.66433 3000.71112 -139.84552
6172.66623 3000.51115 -139.84783
6172.66854 3000.31086 -139.85011
6172.67212 3000.11045 -139.85303
6172.67763 2999.91010 -139.85599
6172.68514 2999.70990 -139.85900
6172.69380 2999.50987 -139.86032
6172.70215 2999.30998 -139.86186
6172.70897 2999.11020 -139.86176
6172.71408 2998.91053 -139.86327
6172.71842 2998.71096 -139.86334
6172.72320 2998.51142 -139.86289
6172.72888 2998.31184 -139.85968
6172.73488 2998.11212 -139.85544
6172.74037 2997.91223 -139.85182
6172.74520 2997.71220 -139.84940
